(24, 360)
(89, 295)
(40, 674)
(76, 308)
(30, 354)
(57, 657)
(51, 663)
(93, 291)
(20, 364)
(85, 299)
(33, 351)
(49, 665)
(53, 661)
(29, 355)
(87, 297)
(81, 303)
(45, 669)
(35, 349)
(41, 673)
(83, 301)
(77, 307)
(31, 353)
(79, 305)
(37, 347)
(47, 667)
(23, 361)
(27, 357)
(92, 292)
(43, 671)
(56, 658)
(25, 359)
(88, 296)
(94, 290)
(39, 675)
(19, 270)
(52, 662)
(21, 363)
(84, 300)
(38, 346)
(32, 352)
(48, 666)
(90, 294)
(82, 302)
(54, 660)
(86, 298)
(34, 350)
(50, 664)
(0, 289)
(78, 306)
(42, 672)
(46, 668)
(26, 358)
(36, 348)
(44, 670)
(22, 362)
(38, 676)
(80, 304)
(28, 356)
(91, 293)
(55, 659)
(342, 912)
(328, 926)
(340, 914)
(334, 920)
(330, 924)
(345, 909)
(341, 913)
(335, 919)
(333, 921)
(337, 917)
(343, 911)
(329, 925)
(339, 915)
(331, 923)
(327, 927)
(344, 910)
(336, 918)
(332, 922)
(346, 908)
(338, 916)
(620, 964)
(685, 899)
(633, 951)
(629, 955)
(687, 897)
(681, 903)
(635, 949)
(677, 907)
(637, 947)
(683, 901)
(631, 953)
(679, 905)
(692, 892)
(623, 961)
(676, 908)
(627, 957)
(625, 959)
(688, 896)
(694, 890)
(621, 963)
(638, 946)
(684, 900)
(632, 952)
(690, 894)
(682, 902)
(686, 898)
(634, 950)
(600, 889)
(678, 906)
(626, 958)
(636, 948)
(628, 956)
(622, 962)
(680, 904)
(619, 870)
(691, 893)
(624, 960)
(689, 895)
(630, 954)
(693, 891)
